 1) 1028                           0.951147
 2) 1521                           0.945810
 3) 535                            0.935000
 4) 1509                           0.887307
 5) 1016                           0.877424
 6) 42                             0.863021
 7) 523                            0.856651
 8) 1020                           0.771924
 9) 504                            0.767603
10) 1080                           0.758614
11) 1573                           0.757876
12) 587                            0.746863
13) 631                            0.738633
14) 1124                           0.738633
15) 1617                           0.738633
16) 11                             0.736828
17) 39                             0.731418
18) 1127                           0.729372
19) 527                            0.729268
20) 532                            0.719386
21) 634                            0.714420
22) 556                            0.687709
23) 1049                           0.686174
24) 1542                           0.681657
25) 30                             0.678661
26) 518                            0.678471
27) 1025                           0.677644
28) 1620                           0.674755
29) 1518                           0.673357
30) 997                            0.664939
31) 1506                           0.664839
32) 520                            0.651978
33) 1013                           0.651579
34) 1513                           0.628551
35) 516                            0.615140
36) 1009                           0.614989
37) 1502                           0.601652
38) 1508                           0.596562
39) 522                            0.596319
40) 1015                           0.594884
41) 1011                           0.587704
42) 34                             0.585945
43) 1022                           0.585850
44) 588                            0.585710
45) 1490                           0.577289
46) 1081                           0.576368
47) 1086                           0.570859
48) 528                            0.557287
49) 25                             0.556269
50) 1514                           0.556245
51) 1021                           0.555130
52) 593                            0.553253
53) 529                            0.542426
54) 1579                           0.540981
55) 1034                           0.537742
56) 27                             0.532354
57) 558                            0.527064
58) 541                            0.518066
59) 515                            0.516502
60) 1574                           0.514021
61) 1019                           0.513718
62) 1515                           0.513596
63) 1008                           0.510965
64) 63                             0.509907
65) 1051                           0.505238
66) 1527                           0.494414
67) 1501                           0.491675
68) 526                            0.490391
69) 530                            0.489799
70) 604                            0.485805
71) 1590                           0.483604
72) 1097                           0.480189
73) 1504                           0.467173
74) 23                             0.457770
75) 29                             0.445395
76) 1512                           0.443044
77) 525                            0.441663
78) 1544                           0.437109
79) 37                             0.435614
80) 36                             0.431233
81) 521                            0.427055
82) 1014                           0.427055
83) 1507                           0.427055
84) 141                            0.426695
85) 1023                           0.425804
86) 1516                           0.416537
87) 71                             0.411122
88) 65                             0.408436
89) 72                             0.406240
90) 77                             0.404060
91) 70                             0.383982
92) 69                             0.382153
93) 1018                           0.379559
94) 1511                           0.373542
95) 1120                           0.371580
96) 534                            0.364499
97) 627                            0.362135
98) 1027                           0.360052
99) 1613                           0.355546
100) 537                            0.348101
101) 1520                           0.346393
102) 35                             0.342812
103) 1050                           0.331476
104) 22                             0.325153
105) 557                            0.313641
106) 41                             0.312975
107) 74                             0.310727
108) 32                             0.308145
109) 1548                           0.298556
110) 562                            0.297195
111) 1056                           0.295672
112) 1549                           0.294982
113) 1055                           0.294763
114) 563                            0.293811
115) 28                             0.286980
116) 73                             0.279508
117) 662                            0.277759
118) 1077                           0.277676
119) 584                            0.277574
120) 1570                           0.277285
121) 1648                           0.276992
122) 1155                           0.276859
123) 44                             0.270555
124) 1030                           0.265042
125) 138                            0.264454
126) 1035                           0.261425
127) 605                            0.252103
128) 1591                           0.250260
129) 1098                           0.246431
130) 542                            0.243060
131) 92                             0.236905
132) 514                            0.235495
133) 33                             0.234629
134) 555                            0.231787
135) 1543                           0.231239
136) 1647                           0.230963
137) 661                            0.230478
138) 1007                           0.230352
139) 1164                           0.229714
140) 62                             0.229109
141) 519                            0.228794
142) 1154                           0.227143
143) 671                            0.226312
144) 95                             0.226140
145) 1657                           0.224598
146) 1523                           0.222061
147) 1500                           0.218782
148) 1528                           0.218405
149) 94                             0.213815
150) 597                            0.213345
151) 1090                           0.212680
152) 1067                           0.212414
153) 1012                           0.212276
154) 124                            0.211972
155) 1583                           0.211233
156) 574                            0.210123
157) 678                            0.208724
158) 1171                           0.208397
159) 1664                           0.205796
160) 1505                           0.205174
161) 75                             0.202468
162) 1123                           0.201425
163) 1616                           0.200627
164) 630                            0.199420
165) 1048                           0.195901
166) 100                            0.190499
167) 1029                           0.188601
168) 996                            0.188426
169) 585                            0.185945
170) 1078                           0.185945
171) 1571                           0.185945
172) 64                             0.185204
173) 623                            0.181576
174) 503                            0.180597
175) 531                            0.175921
176) 1560                           0.175563
177) 1517                           0.175549
178) 1024                           0.175185
179) 536                            0.174856
180) 38                             0.174401
181) 603                            0.172925
182) 1096                           0.172925
183) 1589                           0.172925
184) 178                            0.171842
185) 1609                           0.168026
186) 1607                           0.166461
187) 621                            0.165876
188) 21                             0.163681
189) 1489                           0.163181
190) 1061                           0.162914
191) 1116                           0.161595
192) 1117                           0.161036
193) 624                            0.161034
194) 1610                           0.160965
195) 1611                           0.158824
196) 625                            0.158253
197) 26                             0.157290
198) 1522                           0.155868
199) 1118                           0.153921
200) 595                            0.152017
201) 1114                           0.149298
202) 568                            0.144850
203) 1088                           0.144807
204) 620                            0.144520
205) 570                            0.144220
206) 1606                           0.142407
207) 1581                           0.140006
208) 1541                           0.138678
209) 1188                           0.137998
210) 1113                           0.133101
211) 573                            0.131413
212) 689                            0.131382
213) 1182                           0.131382
214) 1675                           0.131382
215) 1559                           0.131071
216) 49                             0.130859
217) 48                             0.130450
218) 722                            0.128542
219) 1215                           0.128542
220) 1708                           0.128542
221) 660                            0.123411
222) 688                            0.123210
223) 1066                           0.121545
224) 1674                           0.121104
225) 1181                           0.121027
226) 1063                           0.116549
227) 111                            0.116139
228) 1041                           0.115715
229) 622                            0.115524
230) 10                             0.115185
231) 210                            0.114621
232) 137                            0.113504
233) 1115                           0.112220
234) 1219                           0.111613
235) 726                            0.111273
236) 1619                           0.111122
237) 989                            0.111077
238) 1126                           0.110986
239) 1712                           0.110799
240) 633                            0.110636
241) 546                            0.110242
242) 1153                           0.109356
243) 1532                           0.109283
244) 1039                           0.109255
245) 1556                           0.107661
246) 1608                           0.107629
247) 1646                           0.107141
248) 1618                           0.106001
249) 632                            0.105980
250) 496                            0.105037
251) 1130                           0.104893
252) 1125                           0.103883
253) 43                             0.102139
254) 505                            0.101868
255) 1095                           0.100941
256) 91                             0.100912
257) 673                            0.100744
258) 1166                           0.100744
259) 1659                           0.100744
260) 1129                           0.100710
261) 1057                           0.100595
262) 636                            0.100047
263) 1554                           0.098090
264) 637                            0.097597
265) 1550                           0.096810
266) 1482                           0.096640
267) 991                            0.096148
268) 1004                           0.094635
269) 511                            0.094606
270) 998                            0.094467
271) 1623                           0.094237
272) 1622                           0.093660
273) 1683                           0.093555
274) 697                            0.092328
275) 1491                           0.092108
276) 564                            0.091509
277) 691                            0.091491
278) 1677                           0.091458
279) 18                             0.090855
280) 1184                           0.090726
281) 591                            0.090668
282) 1084                           0.090668
283) 1577                           0.090668
284) 1193                           0.090499
285) 1190                           0.090479
286) 699                            0.090447
287) 698                            0.090447
288) 1191                           0.090447
289) 1192                           0.090447
290) 1684                           0.090447
291) 1685                           0.090447
292) 700                            0.089193
293) 90                             0.088258
294) 607                            0.087094
295) 1100                           0.087094
296) 1593                           0.087094
297) 1058                           0.086923
298) 1686                           0.085954
299) 602                            0.085522
300) 143                            0.084911
301) 1497                           0.084832
302) 12                             0.083785
303) 1036                           0.083020
304) 509                            0.082998
305) 1576                           0.082796
306) 543                            0.082790
307) 590                            0.082637
308) 652                            0.082119
309) 16                             0.082050
310) 1638                           0.081985
311) 1529                           0.081767
312) 1162                           0.080144
313) 669                            0.080135
314) 1655                           0.080100
315) 1145                           0.079996
316) 1031                           0.079953
317) 3                              0.079891
318) 134                            0.079789
319) 582                            0.077684
320) 1075                           0.077684
321) 1568                           0.077684
322) 1525                           0.077630
323) 81                             0.077162
324) 695                            0.076967
325) 1551                           0.076609
326) 539                            0.076343
327) 110                            0.075546
328) 723                            0.075284
329) 1216                           0.075284
330) 1709                           0.075284
331) 547                            0.073836
332) 565                            0.073744
333) 681                            0.073641
334) 1174                           0.073641
335) 1667                           0.073641
336) 1040                           0.073140
337) 1032                           0.072777
338) 999                            0.071318
339) 1588                           0.070919
340) 1533                           0.070775
341) 517                            0.070256
342) 1010                           0.070256
343) 1503                           0.070256
344) 60                             0.070233
345) 1681                           0.069503
346) 506                            0.069419
347) 1492                           0.067922
348) 1083                           0.066683
349) 696                            0.066364
350) 1189                           0.066361
351) 24                             0.066339
352) 1682                           0.066170
353) 1033                           0.063850
354) 540                            0.063764
355) 1526                           0.063635
356) 583                            0.063605
357) 500                            0.062907
358) 993                            0.062027
359) 55                             0.061936
360) 1187                           0.061884
361) 694                            0.061884
362) 1680                           0.061884
363) 596                            0.061370
364) 1486                           0.061324
365) 1002                           0.061186
366) 553                            0.060725
367) 692                            0.060547
368) 1185                           0.060547
369) 1678                           0.060547
370) 538                            0.060523
371) 1582                           0.060192
372) 606                            0.059516
373) 705                            0.059512
374) 1198                           0.059512
375) 1691                           0.059512
376) 1076                           0.059348
377) 1592                           0.059316
378) 140                            0.058589
379) 680                            0.058069
380) 1569                           0.057954
381) 1666                           0.057400
382) 1249                           0.057368
383) 1742                           0.057368
384) 756                            0.057368
385) 1177                           0.057359
386) 1089                           0.057340
387) 1173                           0.056750
388) 498                            0.056687
389) 1099                           0.056283
390) 684                            0.055999
391) 1128                           0.055771
392) 1621                           0.055771
393) 635                            0.055771
394) 742                            0.055563
395) 1235                           0.055563
396) 1728                           0.055563
397) 690                            0.055456
398) 1183                           0.055456
399) 1676                           0.055456
400) 988                            0.055359
401) 1524                           0.055198
402) 13                             0.055184
403) 707                            0.053851
404) 1200                           0.053851
405) 1693                           0.053851
406) 17                             0.053836
407) 548                            0.053573
408) 693                            0.052792
409) 1186                           0.052792
410) 1679                           0.052792
411) 628                            0.052408
412) 1046                           0.052120
413) 1615                           0.051830
414) 126                            0.051399
415) 1670                           0.050468
416) 1713                           0.050447
417) 1220                           0.050447
418) 727                            0.050447
419) 559                            0.050311
420) 1045                           0.049553
421) 1038                           0.049101
422) 1121                           0.048543
423) 1614                           0.048542
424) 533                            0.048510
425) 1519                           0.048298
426) 1026                           0.047620
427) 1531                           0.047366
428) 545                            0.047029
429) 7                              0.046985
430) 1094                           0.046950
431) 495                            0.046891
432) 1635                           0.046861
433) 629                            0.046756
434) 5                              0.046562
435) 1545                           0.046428
436) 703                            0.045846
437) 1122                           0.045635
438) 1065                           0.045508
439) 670                            0.044556
440) 1163                           0.044556
441) 1656                           0.044556
442) 80                             0.044428
443) 743                            0.043958
444) 1729                           0.043886
445) 1498                           0.043721
446) 649                            0.043513
447) 1005                           0.043394
448) 45                             0.043373
449) 1236                           0.043125
450) 1495                           0.043087
451) 1689                           0.042266
452) 1202                           0.042251
453) 1695                           0.042251
454) 709                            0.042251
455) 512                            0.042147
456) 683                            0.041610
457) 1669                           0.041331
458) 19                             0.041296
459) 601                            0.041065
460) 614                            0.040789
461) 2                              0.040726
462) 109                            0.040454
463) 719                            0.040319
464) 1212                           0.040319
465) 1705                           0.040319
466) 1701                           0.039838
467) 1662                           0.039403
468) 1176                           0.039007
469) 1195                           0.038917
470) 1688                           0.038917
471) 702                            0.038917
472) 9                              0.038771
473) 995                            0.038730
474) 1169                           0.038723
475) 1197                           0.038010
476) 1690                           0.038010
477) 704                            0.038010
478) 1052                           0.037950
479) 1201                           0.037923
480) 1694                           0.037923
481) 708                            0.037923
482) 82                             0.037880
483) 98                             0.037856
484) 676                            0.037602
485) 1600                           0.037434
486) 572                            0.037373
487) 1587                           0.037343
488) 1534                           0.037302
489) 552                            0.037237
490) 1637                           0.037063
491) 1547                           0.037019
492) 1142                           0.036973
493) 1059                           0.036344
494) 561                            0.036230
495) 1131                           0.036093
496) 1539                           0.036016
497) 31                             0.036008
498) 66                             0.035925
499) 1481                           0.035856
500) 713                            0.035686
501) 1206                           0.035686
502) 1699                           0.035686
503) 672                            0.035535
504) 1165                           0.035535
505) 1658                           0.035535
506) 578                            0.035324
507) 1538                           0.035106
508) 571                            0.034823
509) 1196                           0.034790
510) 513                            0.034676
511) 1006                           0.034676
512) 1499                           0.034676
513) 638                            0.034469
514) 1557                           0.034369
515) 1071                           0.034340
516) 715                            0.034174
517) 1042                           0.034128
518) 79                             0.033981
519) 737                            0.033979
520) 102                            0.033709
521) 510                            0.033502
522) 651                            0.033262
523) 57                             0.033211
524) 1064                           0.032958
525) 1230                           0.032837
526) 609                            0.032781
527) 1102                           0.032781
528) 1595                           0.032781
529) 502                            0.032681
530) 20                             0.032555
531) 1723                           0.032308
532) 1564                           0.032189
533) 112                            0.032179
534) 1624                           0.032158
535) 169                            0.032069
536) 560                            0.032035
537) 1053                           0.032035
538) 1546                           0.032035
539) 586                            0.031639
540) 1085                           0.031475
541) 566                            0.031437
542) 1003                           0.030793
543) 592                            0.030618
544) 1194                           0.030532
545) 1558                           0.030358
546) 1578                           0.030209
547) 67                             0.029649
548) 549                            0.029251
549) 1133                           0.029142
550) 1054                           0.029107
551) 1060                           0.029012
552) 1228                           0.028939
553) 1721                           0.028939
554) 735                            0.028939
555) 567                            0.028797
556) 701                            0.028600
557) 145                            0.028436
558) 1144                           0.028178
559) 198                            0.028062
560) 640                            0.027973
561) 1598                           0.027971
562) 1208                           0.027947
563) 1553                           0.027850
564) 1565                           0.027730
565) 144                            0.027567
566) 1496                           0.027395
567) 579                            0.027199
568) 1493                           0.026927
569) 659                            0.026645
570) 612                            0.026601
571) 1651                           0.026492
572) 1158                           0.026492
573) 665                            0.026492
574) 1107                           0.026466
575) 1488                           0.026398
576) 68                             0.026305
577) 40                             0.026171
578) 0                              0.025901
579) 1687                           0.025715
580) 1535                           0.025632
581) 1645                           0.025522
582) 736                            0.025464
583) 59                             0.025368
584) 1229                           0.025287
585) 507                            0.025282
586) 1722                           0.025246
587) 1552                           0.025174
588) 1072                           0.025153
589) 185                            0.025150
590) 56                             0.024886
591) 1017                           0.024850
592) 1626                           0.024788
593) 706                            0.024729
594) 619                            0.024646
595) 643                            0.024606
596) 493                            0.024575
597) 986                            0.024575
598) 1479                           0.024575
599) 1572                           0.024465
600) 1043                           0.024365
601) 103                            0.024338
602) 575                            0.024257
603) 725                            0.024193
604) 1199                           0.024151
605) 1068                           0.023879
606) 724                            0.023838
607) 524                            0.023810
608) 1561                           0.023652
609) 1091                           0.023648
610) 1584                           0.023648
611) 598                            0.023648
612) 1147                           0.023564
613) 1640                           0.023564
614) 654                            0.023564
615) 1105                           0.023388
616) 1079                           0.023337
617) 1692                           0.022785
618) 14                             0.022751
619) 1575                           0.022702
620) 8                              0.022622
621) 1157                           0.022525
622) 1650                           0.022525
623) 664                            0.022525
624) 1112                           0.022415
625) 1152                           0.022398
626) 1630                           0.022293
627) 1671                           0.022083
628) 685                            0.022073
629) 687                            0.022055
630) 1180                           0.022055
631) 1673                           0.022055
632) 554                            0.022025
633) 1178                           0.022021
634) 668                            0.021738
635) 1161                           0.021732
636) 644                            0.021712
637) 610                            0.021681
638) 1103                           0.021681
639) 1596                           0.021681
640) 1000                           0.021603
641) 589                            0.021495
642) 617                            0.021428
643) 716                            0.021391
644) 1702                           0.021353
645) 1209                           0.021342
646) 1487                           0.020885
647) 1148                           0.020838
648) 1629                           0.020817
649) 1136                           0.020803
650) 1150                           0.020756
651) 648                            0.020754
652) 1141                           0.020754
653) 1634                           0.020754
654) 1603                           0.020708
655) 1654                           0.020638
656) 1510                           0.020632
657) 1137                           0.020358
658) 127                            0.020257
659) 657                            0.020253
660) 1082                           0.019995
661) 1643                           0.019651
662) 1605                           0.019594
663) 613                            0.019581
664) 1106                           0.019581
665) 1599                           0.019581
666) 1484                           0.019239
667) 1101                           0.018948
668) 101                            0.018925
669) 608                            0.018879
670) 78                             0.018835
671) 656                            0.018680
672) 1149                           0.018680
673) 1642                           0.018680
674) 1110                           0.018663
675) 550                            0.018455
676) 93                             0.018436
677) 655                            0.018359
678) 1109                           0.018243
679) 1602                           0.018243
680) 616                            0.018243
681) 1217                           0.018210
682) 1218                           0.018210
683) 1710                           0.018210
684) 1711                           0.018210
685) 1594                           0.018149
686) 1093                           0.018143
687) 1047                           0.018028
688) 1672                           0.018008
689) 1179                           0.018008
690) 686                            0.018008
691) 501                            0.017904
692) 131                            0.017494
693) 1562                           0.017487
694) 6                              0.017425
695) 499                            0.017425
696) 992                            0.017425
697) 1485                           0.017425
698) 667                            0.017250
699) 1580                           0.017086
700) 576                            0.017007
701) 1231                           0.016764
702) 1724                           0.016764
703) 738                            0.016764
704) 1641                           0.016682
705) 168                            0.016667
706) 58                             0.016183
707) 653                            0.016158
708) 1627                           0.016101
709) 1246                           0.016033
710) 1739                           0.016033
711) 753                            0.016033
712) 720                            0.015902
713) 1213                           0.015902
714) 1706                           0.015902
715) 641                            0.015735
716) 244                            0.015629
717) 1134                           0.015479
718) 994                            0.015317
719) 757                            0.015207
720) 1250                           0.015207
721) 1743                           0.015207
722) 1251                           0.015104
723) 1744                           0.015104
724) 758                            0.015104
725) 594                            0.015063
726) 1146                           0.014962
727) 1540                           0.014953
728) 1087                           0.014515
729) 987                            0.014483
730) 1536                           0.014429
731) 1247                           0.014062
732) 1740                           0.014062
733) 754                            0.014062
734) 1639                           0.013774
735) 1156                           0.013629
736) 718                            0.013600
737) 1211                           0.013600
738) 1704                           0.013600
739) 61                             0.013591
740) 663                            0.013484
741) 759                            0.013429
742) 751                            0.013429
743) 750                            0.013429
744) 1243                           0.013429
745) 1244                           0.013429
746) 1252                           0.013429
747) 1736                           0.013429
748) 1737                           0.013429
749) 1745                           0.013429
750) 1104                           0.013358
751) 1597                           0.013358
752) 611                            0.013358
753) 1668                           0.013292
754) 1160                           0.013266
755) 1653                           0.013266
756) 494                            0.013252
757) 167                            0.013213
758) 242                            0.013162
759) 740                            0.012986
760) 1233                           0.012986
761) 1726                           0.012986
762) 1135                           0.012910
763) 1143                           0.012908
764) 650                            0.012907
765) 1636                           0.012906
766) 46                             0.012698
767) 544                            0.012679
768) 729                            0.012642
769) 730                            0.012642
770) 1222                           0.012642
771) 1223                           0.012642
772) 1715                           0.012642
773) 1716                           0.012642
774) 130                            0.012541
775) 752                            0.012473
776) 1245                           0.012473
777) 1738                           0.012473
778) 1073                           0.012382
779) 1248                           0.012366
780) 1741                           0.012366
781) 755                            0.012366
782) 581                            0.012362
783) 1074                           0.012362
784) 1567                           0.012362
785) 1480                           0.012225
786) 580                            0.012179
787) 1566                           0.012144
788) 114                            0.012041
789) 1649                           0.011991
790) 745                            0.011939
791) 746                            0.011939
792) 747                            0.011939
793) 748                            0.011939
794) 1238                           0.011939
795) 1239                           0.011939
796) 1240                           0.011939
797) 1241                           0.011939
798) 1731                           0.011939
799) 1732                           0.011939
800) 1733                           0.011939
801) 1734                           0.011939
802) 162                            0.011937
803) 50                             0.011785
804) 51                             0.011748
805) 238                            0.011577
806) 1253                           0.011505
807) 1746                           0.011505
808) 760                            0.011505
809) 711                            0.011452
810) 710                            0.011452
811) 1203                           0.011452
812) 1204                           0.011452
813) 1696                           0.011452
814) 1697                           0.011452
815) 1530                           0.011377
816) 52                             0.011296
817) 721                            0.011234
818) 1707                           0.011234
819) 1214                           0.011234
820) 744                            0.011182
821) 1237                           0.011182
822) 1730                           0.011182
823) 739                            0.011175
824) 1232                           0.011175
825) 1725                           0.011175
826) 243                            0.010987
827) 47                             0.010932
828) 1069                           0.010847
829) 600                            0.010685
830) 1612                           0.010566
831) 128                            0.010518
832) 682                            0.010178
833) 54                             0.010101
834) 1062                           0.010059
835) 132                            0.009973
836) 1044                           0.009872
837) 163                            0.009031
838) 551                            0.009022
839) 1586                           0.008886
840) 223                            0.008874
841) 129                            0.008724
842) 104                            0.008681
843) 1242                           0.008645
844) 1735                           0.008645
845) 749                            0.008645
846) 146                            0.008340
847) 626                            0.008203
848) 161                            0.008100
849) 1700                           0.008082
850) 1                              0.007763
851) 97                             0.007735
852) 195                            0.007707
853) 180                            0.007691
854) 615                            0.007577
855) 1108                           0.007577
856) 1601                           0.007577
857) 1170                           0.007522
858) 677                            0.007464
859) 121                            0.007422
860) 1037                           0.007378
861) 119                            0.007348
862) 113                            0.007209
863) 1663                           0.007196
864) 1175                           0.007140
865) 85                             0.007096
866) 645                            0.007043
867) 1631                           0.007025
868) 1138                           0.007025
869) 156                            0.007018
870) 136                            0.006868
871) 618                            0.006806
872) 202                            0.006804
873) 1537                           0.006535
874) 116                            0.006509
875) 239                            0.006286
876) 569                            0.006228
877) 1717                           0.006221
878) 142                            0.006160
879) 1119                           0.006091
880) 117                            0.005962
881) 150                            0.005919
882) 199                            0.005892
883) 1644                           0.005835
884) 658                            0.005835
885) 1151                           0.005835
886) 99                             0.005825
887) 1555                           0.005807
888) 151                            0.005735
889) 53                             0.005698
890) 120                            0.005595
891) 166                            0.005511
892) 1628                           0.005344
893) 196                            0.005109
894) 642                            0.005059
895) 1111                           0.005043
896) 1604                           0.005043
897) 577                            0.004991
898) 1070                           0.004991
899) 1563                           0.004991
900) 639                            0.004911
901) 1132                           0.004911
902) 1625                           0.004911
903) 86                             0.004814
904) 714                            0.004789
905) 184                            0.004646
906) 508                            0.004574
907) 1001                           0.004574
908) 1494                           0.004574
909) 15                             0.004562
910) 646                            0.004395
911) 647                            0.004395
912) 1139                           0.004395
913) 1140                           0.004395
914) 1632                           0.004395
915) 1633                           0.004395
916) 158                            0.004373
917) 164                            0.004323
918) 188                            0.004300
919) 1661                           0.004299
920) 1207                           0.003947
921) 1205                           0.003766
922) 712                            0.003766
923) 1698                           0.003766
924) 250                            0.003716
925) 108                            0.003700
926) 148                            0.003690
927) 1159                           0.003483
928) 1652                           0.003483
929) 666                            0.003483
930) 83                             0.003438
931) 731                            0.003422
932) 1660                           0.002979
933) 1167                           0.002979
934) 674                            0.002979
935) 733                            0.002945
936) 1226                           0.002945
937) 1719                           0.002945
938) 203                            0.002868
939) 182                            0.002864
940) 125                            0.002845
941) 599                            0.002810
942) 1092                           0.002810
943) 1585                           0.002810
944) 675                            0.002740
945) 1224                           0.002719
946) 170                            0.002616
947) 233                            0.002446
948) 1168                           0.002362
949) 76                             0.002346
950) 728                            0.002342
951) 1221                           0.002342
952) 1714                           0.002342
953) 187                            0.002242
954) 174                            0.002155
955) 107                            0.002114
956) 106                            0.002064
957) 4                              0.002023
958) 194                            0.002019
959) 171                            0.002019
960) 497                            0.001949
961) 990                            0.001949
962) 1483                           0.001949
963) 200                            0.001826
964) 204                            0.001741
965) 135                            0.001630
966) 229                            0.001623
967) 189                            0.001609
968) 183                            0.001595
969) 222                            0.001592
970) 173                            0.001592
971) 181                            0.001592
972) 734                            0.001571
973) 1227                           0.001571
974) 1720                           0.001571
975) 133                            0.001556
976) 176                            0.001418
977) 177                            0.001418
978) 205                            0.001418
979) 224                            0.001418
980) 226                            0.001418
981) 235                            0.001418
982) 241                            0.001418
983) 122                            0.001418
984) 152                            0.001418
985) 179                            0.001418
986) 206                            0.001418
987) 221                            0.001418
988) 230                            0.001393
989) 212                            0.001393
990) 245                            0.001393
991) 263                            0.001393
992) 190                            0.001306
993) 191                            0.001170
994) 149                            0.001137
995) 175                            0.001113
996) 157                            0.001073
997) 139                            0.001040
998) 159                            0.000963
999) 115                            0.000948
1000) 96                             0.000838
1001) 207                            0.000677
1002) 186                            0.000642
1003) 214                            0.000625
1004) 160                            0.000467
1005) 679                            0.000388
1006) 1172                           0.000388
1007) 1665                           0.000388
1008) 84                             0.000354
1009) 208                            0.000350
1010) 213                            0.000350
1011) 741                            0.000345
1012) 1234                           0.000345
1013) 1727                           0.000345
1014) 88                             0.000274
1015) 89                             0.000233
1016) 732                            0.000214
1017) 1225                           0.000214
1018) 1718                           0.000214
1019) 153                            0.000193
1020) 154                            0.000193
1021) 87                             0.000131
1022) 717                            0.000056
1023) 1210                           0.000056
1024) 1703                           0.000056
1025) 192                            0.000042
1026) 118                            0.000033
1027) 147                            0.000031
1028) 105                            0.000022
1029) 172                            0.000007
